97
98
99
97
98
100
101
101
102
102
102
103
104
103
105
106
106
106
106
107
107
109
110
110
109
111
110
111
112
114
114
114
114
114
116
115
118
117
118
119
119
118
120
120
122
122
120
123
124
122
124
125
125
125
125
126
127
126
127
129
129
130
129
130
129
131
131
131
133
133
134
133
135
135
135
136
137
136
137
138
138
138
139
140
139
139
140
141
142
142
143
143
143
144
143
144
145
144
146
146
146
147
147
147
148
147
148
149
149
149
150
150
149
149
147
149
148
148
148
147
147
146
145
146
145
145
145
145
145
143
143
141
143
141
142
141
140
141
140
139
139
140
140
138
139
138
139
138
137
137
136
137
136
136
136
135
136
134
135
133
133
134
133
133
133
134
132
132
132
131
131
132
131
131
131
129
131
130
128
129
128
128
129
128
128
126
128
128
125
126
126
125
126
124
125
124
124
124
123
123
124
123
123
123
123
122
121
123
122
121
120
120
120
121
120
119
119
120
118
118
118
118
119
117
118
117
118
118
117
116
116
116
116
117
116
116
116
114
115
115
114
114
114
113
113
114
113
113
114
111
113
111
112
111
112
111
110
110
109
111
110
109
110
110
111
109
109
108
109
109
108
110
108
109
108
107
108
107
108
108
108
107
107
108
106
106
107
105
105
105
105
104
106
106
104
105
105
104
104
103
104
103
103
103
103
104
102
103
104
102
101
103
101
101
101
102
101
101
99
101
100
100
101
100
100
99
99
99
100
99
99
99
99
98
99
97
98
98
98
98
98
97
97
97
96
97
98
97
96
95
96
97
97
96
96
95
95
95
95
95
94
95
95
96
95
94
93
95
93
95
94
94
93
94
94
94
93
92
92
92
90
92
93
92
91
91
92
93
92
92
91
92
90
92
91
90
91
91
90
90
90
91
91
90
90
90
91
90
89
88
88
89
89
90
88
89
89
88
87
88
87
88
89
88
88
87
88
88
88
87
87
86
86
88
88
86
88
88
85
87
87
87
86
86
86
85
87
86
85
86
85
85
86
84
86
86
86
84
83
85
84
84
84
85
84
84
85
85
83
84
84
83
83
84
84
83
83
82
82
84
83
84
83
81
83
83
83
83
81
82
81
82
82
82
83
82
81
82
82
81
81
81
82
82
81
80
80
81
80
81
81
80
81
81
80
81
81
80
80
80
79
80
79
79
80
80
80
80
79
79
79
79
79
79
78
79
79
78
78
79
79
79
79
78
79
79
78
79
77
79
78
79
78
79
77
78
76
78
77
78
77
77
77
76
76
77
76
77
77
77
78
77
77
77
76
77
77
77
76
77
76
76
76
76
76
77
76
78
76
76
77
76
76
76
76
76
75
76
75
76
75
75
76
74
75
74
74
76
76
75
75
74
73
74
76
73
75
74
74
74
74
74
75
73
74
75
73
74
72
74
73
73
74
73
74
73
73
73
74
73
72
73
73
73
74
74
74
73
74
74
71
73
74
72
72
71
73
71
72
74
72
73
72
71
73
71
71
72
72
73
71
72
71
73
72
71
72
71
74
73
73
71
71
71
73
72
72
72
71
72
72
71
70
72
72
71
73
71
71
72
71
72
70
